3 1 4 4 0 3 2 5 5 7 2 5 7 4 1 4 2 0 0 6 
5 7 2 3 2 7 1 6 0 4 6 5 3 4 6 3 1 2 3 4 
0 4 1 1 1 4 6 3 2 3 4 1 6 3 2 5 7 6 7 2 
3 2 5 7 1 4 4 6 5 7 4 1 2 5 5 5 3 4 2 5 
6 7 6 3 1 2 3 2 5 3 4 1 6 5 5 7 6 3 6 0 
0 3 4 1 1 1 1 1 6 0 0 6 0 6 7 2 0 6 0 0 
1 6 3 6 7 6 7 1 4 4 2 0 0 0 0 6 0 2 3 1 
1 2 7 2 3 4 2 7 2 3 1 1 2 3 2 3 2 7 6 7 
6 5 3 6 7 4 1 4 1 6 5 7 6 5 7 6 5 3 2 0 
3 6 7 4 2 3 1 2 7 2 5 0 0 6 0 2 5 5 7 2 
1 0 0 0 6 7 6 5 0 6 7 2 0 0 2 7 1 6 0 6 
5 0 0 3 4 4 0 5 0 3 4 1 2 0 6 3 1 4 2 3 
6 3 2 5 0 3 1 1 2 7 4 1 1 1 4 6 5 3 1 1 
2 7 6 5 3 1 6 7 6 3 4 1 1 1 4 4 6 7 6 5 
6 3 2 5 5 7 4 2 0 6 0 6 7 1 2 3 2 0 0 6 
